nyankocolors <- c("#E41A1C", "#377EB8", "#4DAF4A", "#984EA3", "#FF7F00", "#FFFF33",
            "#A65628", "#F781BF", "#66C2A5", "#FC8D62", "#8DA0CB", "#E78AC3", "#A6D854",
            "#FFD92F", "#E5C494", "#B3B3B3", "#8DD3C7", "#FFFFB3", "#BEBADA", "#FB8072",
            "#80B1D3", "#FDB462", "#B3DE69", "#FCCDE5", "#D9D9D9", "#BC80BD", "#CCEBC5",
            "#FFED6F", "#A6CEE3", "#1F78B4", "#B2DF8A", "#33A02C", "#FB9A99", "#E31A1C",
            "#FDBF6F", "#FF7F00", "#CAB2D6", "#6A3D9A", "#FFFF99", "#B15928")
